[gd_scene load_steps=14 format=2]

[ext_resource path="res://Enemy.gd" type="Script" id=1]
[ext_resource path="res://Colors/Beige.png" type="Texture" id=2]
[ext_resource path="res://Colors/Blue.png" type="Texture" id=3]
[ext_resource path="res://Colors/Purple.png" type="Texture" id=4]

[sub_resource type="SphereShape" id=1]
radius = 0.435512

[sub_resource type="CylinderMesh" id=2]
top_radius = 0.1
bottom_radius = 0.05
height = 1.0

[sub_resource type="SpatialMaterial" id=3]
albedo_texture = ExtResource( 4 )

[sub_resource type="SphereMesh" id=4]
radius = 0.3
height = 0.6

[sub_resource type="SpatialMaterial" id=5]
albedo_texture = ExtResource( 3 )

[sub_resource type="CylinderMesh" id=6]
top_radius = 0.025
bottom_radius = 0.025
height = 0.2

[sub_resource type="SpatialMaterial" id=7]
albedo_texture = ExtResource( 2 )

[sub_resource type="Animation" id=8]
resource_name = "Idle"
tracks/0/type = "value"
tracks/0/path = NodePath("Spatial/Enemy/Leg:rotation_degrees")
tracks/0/interp = 1
tracks/0/loop_wrap = true
tracks/0/imported = false
tracks/0/enabled = true
tracks/0/keys = {
"times": PoolRealArray( 0 ),
"transitions": PoolRealArray( 1 ),
"update": 0,
"values": [ Vector3( -8.62101, 26.664, 0 ) ]
}
tracks/1/type = "value"
tracks/1/path = NodePath("Spatial/Enemy/Leg2:rotation_degrees")
tracks/1/interp = 1
tracks/1/loop_wrap = true
tracks/1/imported = false
tracks/1/enabled = true
tracks/1/keys = {
"times": PoolRealArray( 0 ),
"transitions": PoolRealArray( 1 ),
"update": 0,
"values": [ Vector3( 8.99129, -41.3982, -2.49395 ) ]
}
tracks/2/type = "value"
tracks/2/path = NodePath("Spatial/Enemy/Leg3:rotation_degrees")
tracks/2/interp = 1
tracks/2/loop_wrap = true
tracks/2/imported = false
tracks/2/enabled = true
tracks/2/keys = {
"times": PoolRealArray( 0 ),
"transitions": PoolRealArray( 1 ),
"update": 0,
"values": [ Vector3( 0, 0, -12.966 ) ]
}

[sub_resource type="Animation" id=9]
resource_name = "Walk"
length = 0.6
loop = true
tracks/0/type = "value"
tracks/0/path = NodePath("Spatial/Enemy/Leg:rotation_degrees")
tracks/0/interp = 1
tracks/0/loop_wrap = true
tracks/0/imported = false
tracks/0/enabled = true
tracks/0/keys = {
"times": PoolRealArray( 0, 0.2 ),
"transitions": PoolRealArray( 1, 1 ),
"update": 0,
"values": [ Vector3( -23.0368, 28.825, -7.84857 ), Vector3( -7.89967, 26.6115, 0.365608 ) ]
}
tracks/1/type = "value"
tracks/1/path = NodePath("Spatial/Enemy/Leg2:rotation_degrees")
tracks/1/interp = 1
tracks/1/loop_wrap = true
tracks/1/imported = false
tracks/1/enabled = true
tracks/1/keys = {
"times": PoolRealArray( 0.2, 0.4 ),
"transitions": PoolRealArray( 1, 1 ),
"update": 0,
"values": [ Vector3( 26.0406, -42.7871, -2.86924 ), Vector3( 9.73818, -41.2581, -1.63317 ) ]
}
tracks/2/type = "value"
tracks/2/path = NodePath("Spatial/Enemy/Leg3:rotation_degrees")
tracks/2/interp = 1
tracks/2/loop_wrap = true
tracks/2/imported = false
tracks/2/enabled = true
tracks/2/keys = {
"times": PoolRealArray( 0.4, 0.6 ),
"transitions": PoolRealArray( 1, 1 ),
"update": 0,
"values": [ Vector3( 0, 0, -28.04 ), Vector3( 0, 0, -14.749 ) ]
}

[node name="Enemy" type="Spatial"]
script = ExtResource( 1 )

[node name="Spatial" type="Spatial" parent="."]
transform = Transform( 1, 0, 0, 0, 1, 0, 0, 0, 1, 0, 0, 2.5 )

[node name="Enemy" type="Area" parent="Spatial"]
transform = Transform( 0.25, 0, 0, 0, 0.25, 0, 0, 0, 0.25, 0, 0.5, 0 )

[node name="CollisionShape" type="CollisionShape" parent="Spatial/Enemy"]
shape = SubResource( 1 )

[node name="Leg" type="MeshInstance" parent="Spatial/Enemy"]
transform = Transform( 0.891454, -0.0660196, 0.448276, -0.0628912, 0.961724, 0.266704, -0.448726, -0.265947, 0.853181, 0.190714, -1.19209e-07, 0.396887 )
mesh = SubResource( 2 )
material/0 = SubResource( 3 )

[node name="Leg2" type="MeshInstance" parent="Spatial/Enemy"]
transform = Transform( 0.75462, -0.0900735, -0.64995, -0.0280897, 0.985191, -0.169146, 0.65556, 0.145898, 0.740915, 0.222341, 0.00416279, -0.331737 )
mesh = SubResource( 2 )
material/0 = SubResource( 3 )

[node name="Leg3" type="MeshInstance" parent="Spatial/Enemy"]
transform = Transform( 0.882619, 0.470088, 0, -0.470088, 0.882619, 0, 0, 0, 1, -0.451147, 0, 0 )
mesh = SubResource( 2 )
material/0 = SubResource( 3 )

[node name="Body" type="MeshInstance" parent="Spatial/Enemy"]
mesh = SubResource( 4 )
material/0 = SubResource( 5 )

[node name="Leg21" type="MeshInstance" parent="Spatial/Enemy"]
transform = Transform( 0.860048, -0.510213, 0, 0.510213, 0.860048, 0, 0, 0, 1, -0.304966, 0.225055, -0.0141535 )
mesh = SubResource( 6 )
material/0 = SubResource( 7 )

[node name="Leg22" type="MeshInstance" parent="Spatial/Enemy"]
transform = Transform( 0.753919, 0.373687, -0.540337, -0.0429792, 0.848764, 0.527022, 0.65556, -0.374108, 0.65596, 0.117825, 0.219242, -0.197439 )
mesh = SubResource( 6 )
material/0 = SubResource( 7 )

[node name="Leg23" type="MeshInstance" parent="Spatial/Enemy"]
transform = Transform( 0.893654, 0.251714, 0.371515, 0, 0.827874, -0.560914, -0.448758, 0.501262, 0.739833, 0.117342, 0.223404, 0.250774 )
mesh = SubResource( 6 )
material/0 = SubResource( 7 )

[node name="Timer" type="Timer" parent="."]
autostart = true

[node name="AnimationPlayer" type="AnimationPlayer" parent="."]
anims/Idle = SubResource( 8 )
anims/Walk = SubResource( 9 )
[connection signal="timeout" from="Timer" to="." method="_on_Timer_timeout"]
